960
89600
2304
194400
142560
8624
85
8064
349920
70560
3456
70400
934
32670
90720
131
4655
630
96228
25600
106
8640
61740
32
552960
34020
18000
3584
28080
18
5297
82944
58320
97200
216
49000
170100
71280
3
16000
6720
43740
725573
10560
270000
40824
134400
52416
957262828
57624
967669583
430080
340200
105840
21840
660
3168
994617
665
80
56700
486000
85881
17550
24300
4374
14
181440
474
29120
2600
81000
1632
2268
9180
75
294912
409342369
41472
999999998
15288
8250
1000000
67
12096
9100
768
104
104976
163840
697106497
31680
8
13122
7
9504
3264
518400
5616
6037
8550
211680
396
546
346742385
14040
224
135000
30240
576
12672
3312
5657
69888
122880
7455307
1386
2000
110250
46
32805
314928
15552
192
226800
2097152
536870912
70
4480
196608
47
441
23040
2688
4752
391
58
139968
2618049
108000
23814
16128
7500
961175759
103680
7128
10800
4000
83160
7776
244944
8960
5376
45000
301056
4050
97
3864
49920
1584
22464
60000
1620
5824
360000
57024
67200
700
45360
29484
6
7680
2431
5940
136080
58800
21952
66150
13824
32076
5767201
48
180
52800
44928
9409159
35100
2100
21000
50688
8448
4488
5346
54
3024
168960
132000
32000
1728
2880
23
35280
20736
4032
72
23328
122877509
4320
1817
969
8976
95
233280
6480
30
107520
101250
198450
1440
8015864
50000
128000
59400
48510
786432
393216
2640
29400
2400
87
122
42
17920
128
364500
15
217728
291600
2736
160
33401221
131220
900
94500
1944
3900
60
69984
120
1520
810
2156
49500
1048576
22176
34111
123480
31
45
35640
24576
125
91857
84480
20592
29700
47628
33696
2200
51840
589833267
161280
3600
153600
1323
75264
11
202500
1500
311040
5760
67893369
28800
916855204
7560
36
13500
655360
3564
12288
7938
4704
31200
1530
3509575
47958485
26880
94770
22
111
8400
7897861
922505446
16524
33792
414720
432000
864
59136
19200
589824
7296
4410
3645
5044
98304
15876
23115571
8826131
74880
30720
72576
10368
142884
1615
252000
21600
998244353
12000
373248
98415
84240
4733
21383
39936
10240
949106497
466560
7785
163296
35
55296
23232
21870
69
33750
31590
31752
17
114688
4173641
9000
8660
964532929
118
121
92160
42336
38880
43
4312
633
54880
76800
673921
215040
118800
501
119
11016
226151256
1836
282791
132300
4914
38400
989447237
67500
468
6840
19656
88704
395
9600
2310
216000
999999999
2250
11085765
147456
16
813
1671
99840
55
49
80949857
42120
23400
6300
62208
113
180000
17640
4675
48600
79548
124416
107
699840
480000
7200
322081025
23760
138240
13056
13
17136
72900
1680
43200
4620
938017885
16320
20000
2340
24000
8316
56160
81
9827
123
11340
8748
41580
22500
2720
41600
361
4158
281
11000
32256
262440
150000
9240
1960
18480
30973
641
42755209
85050
4560
36864
696
1800
131980
6075
48384
12870
118272
207360
13860
92400
3696
8087519
162000
15680
155520
53
39600
34560
7040
214573
27000
79200
61966
33108
34848
95256
98
983900459
688978813
79
288
472392
102060
6552
70200
241920
6541551
31500
1215
81920
18816
64922375
5304
176400
4800
13230
35503
164640
174960
540
362
65
54432
11264
15390
100696425
504
133650
10260
12240
12960
2940
457481
22848
63000
36283838
460800
34
38497
587234
393660
5
16200
96000
42105
2070
76
117
193536
28512
1512
77
1904
6804
245760
51
2730
125440
432255
129024
8347
12544
1249
108
93
5280
16224
7056
85536
5361
24696
9216
243000
7389
27216
71
87480
559
66
49152
116
70235461
141120
7390
3072
787320
25920
1134
998506315
56448
85712697
3780
16380
9450
14688
21504
6930
42000
129
99000
2906162
19440
84
89
7392
16464
74088
4200
491520
622080
90
127008
3240
336000
3360
248832
987
37800
67584
49896
194241
20328
172032
25490988
112896
5073
192000
4608
10000
236250
52920
1764
126
9
14700
47040
307200
5250
78000
78750
120000
101
19800
3371
57
73
108864
77760
5600
92
105000
60480
221184
300
981028563
76032
73728
38016
6400
105
4
64
78
80640
52488
300000
15120
201600
100800
6750
2160
621008
209952
2520
116640
24480
10710
459270
68040
33600
82268566
27184698
279936
22950
29160
4943
999999937
63180
345600
105600
5184
17820
75600
281250
81648
1890
27720
22680
1001
3960
900360029
10080
21
276480
20480
259200
904152917
4680
2352
12150
1701
14112
50
48000
54000
11232
448
46080
145152
110
322560
62
127
926315427
200000
5400
115200
3510
4160
151200
63
614400
51030
2
1056
19008
13680
112
375000
288000
18720
37
4788
165888
17280
21384
193
912
40960
524880
25
1920
37440
12768
3157819
145800
1000000000
653477439
10
16800
170
1
792
93312
53940
9425
235200
182250
5520
9800
18240
32400
150528
50400
6144
517759
23100
782
510205
43680
1100
230400
49392
69120
65536
28
5625
49280
8208
420
31104
38
47473
805306368
546750
24
94080
11664
33
168000
157464
112000
524288
625433749
408240
110592
32640
12800
26460
21168
14400
66528
746803744
2025
42768
15840
92317161
52
126720
18432
91
84000
29952
32768
6765
4725
14560
473
2403381
29250
25200
5000
672
7025
68
40
7290
56
5200
135
4536
9900
405000
12348
5721
8100
44800
1741
169344
53760
1848
362880
99
482421315
94
71805
44
58054077
2376
640
57344
3375
320
57600
567
129600
476014
29
84579
368640
3000
64512
3120
3528
86400
34300
96
1600
8424
225792
65610
34944
323
256000
8372259
63360
70000
954158175
306180
20160
48238
124
46464
14336
5601
179200
5808
64800
1260
40950
15400
519
40320
268800
115248
442368
971866761
5120
2592
103
86
646
7920
86016
13440
8772
5040
186624
26
4539685
10752
72000
9408
583200
96768
8000
64152
28000
27456
24192
324000
44550
2560
28672
115
102
50544
189
388800
331776
204120
1008
1824
63504
10500
24750
15750
109
25002
240000
6399199
816
59
118263990
1001604
95040
17424
8320
2707
4896
986129769
9489
184320
61440
30030
89100
20
88
257
74
2016
302400
2430
54600
144000
83
64680
